100
2
6 11
5 14
2
6 15
11 7
2
0 14
12 9
2
0 15
13 4
2
2 11
4 14
2
2 14
12 0
2
5 12
8 12
2
3 14
10 12
2
0 14
3 5
2
1 11
11 15
2
181217207 761841378
591406973 500986900
2
365165742 808695967
210726132 83922165
2
198657440 943293516
652383728 609894012
2
407803922 791465716
466747247 796639696
2
152610845 922316001
540555472 35351448
2
194544183 867376486
393625957 693354722
2
78638264 986564079
536720865 994785534
2
87384321 793877762
770099018 856444871
2
300934602 790487985
95245170 900167292
2
239292913 807819576
612363037 63465446
2
150691294 850899035
727940566 279736786
2
1906314 862574499
283911302 183675662
2
235164186 925799221
317223186 413743861
2
47684426 577800982
633813941 220719755
2
93760218 679715429
524368120 767830584
2
215531597 838254145
326398443 322055158
2
54312580 934412881
53280759 403450351
2
385335691 710989152
596262230 230365962
2
82229329 939265525
339082432 116561153
2
188505870 801879896
664027365 491830130
2
34048116 898728788
414203817 463655181
2
51594136 823903601
323497884 779391351
2
1264541 909145608
337328099 910417863
2
53102752 952467615
246360717 325050295
2
255167576 756769423
462081512 901406740
2
319141939 512484407
776759799 797767495
2
172553404 788796046
634961302 544387404
2
575942883 992292149
818191477 271425875
2
109565733 582847871
459042140 568783275
2
148027722 953387505
710913800 921863117
2
220116793 676818331
260828161 109436735
2
50987316 963286401
187690779 719844002
2
627624955 752294387
633590214 162223389
2
214612617 570366725
219220707 910748801
2
51287993 779599036
803682642 975503769
2
113764955 616378976
138040507 854280296
2
330464966 885454337
578458580 108079910
2
215725953 802467720
151170411 849697158
2
425757294 932980440
232998814 889549613
2
262618641 741469979
655059715 423168446
2
592475451 856643877
930569612 140154036
2
276822986 900091297
870837170 525563718
2
134022108 830546015
651911339 184529934
2
113683248 950762312
717825516 424125604
2
142802204 809293877
784588945 436809880
2
103376022 833255386
920322846 272957349
2
530824840 776380710
371221097 876795580
2
70757433 822803406
567608699 969765366
2
24909703 801698327
866137134 425445276
2
125835295 990915671
785599029 947526472
2
146031522 974780364
418265043 905067778
2
411620380 895305066
476338909 20560698
2
260332574 884945466
340768404 780064589
2
38453018 976021907
159159910 498927052
2
175472281 617593075
106528891 245319636
2
252035219 637453863
397489040 971189370
2
65436613 681958085
159000159 927689921
2
274670394 728090677
721578798 541701358
2
398004493 756796706
835984166 774474316
2
197725659 915893043
115739914 824966189
2
87809504 838391558
602961484 729221140
2
138610969 624435836
374641660 620555666
2
37035775 824772893
729432446 750398175
2
330313184 942785439
195170511 256854575
2
99881449 963491293
665346983 284058389
2
322306210 726120649
690262033 39536651
2
121758310 754983762
494768210 177337808
2
301248712 662560351
363032433 940160611
2
123658696 762680093
691223517 935436321
2
5831605 917977222
602410127 106144034
2
156661522 616282244
875132560 64701959
2
94896840 971048860
356337867 37111694
2
272800095 753532753
834607066 98474193
2
57132092 895427051
164871481 264720517
2
453689639 786344498
848790341 770973216
2
24812728 650687830
351967107 750272495
2
107391655 780075895
579339877 905451261
2
96981562 951046007
772572612 822285567
2
276009994 902518557
63190863 443571790
2
47557041 938367083
783125960 800566615
2
333975301 801603969
331693581 534510020
2
398123714 716894320
912417938 888166241
2
165164402 952716638
667833559 403728242
2
87650755 688530867
300247931 229298814
2
20924871 528754342
752694636 996112643
2
10905635 807666066
262655402 904355038
2
199726433 861818453
638782250 705064853
2
193671426 960232302
39059220 374473617
2
112441049 663915675
301463519 186837488
2
182083134 739929176
281565412 464287827
